5656
19354
32029
98812
13717
28054
5183
3336
51895
7946
8
55560
79460
31214
75715
82224
30740
34568
51321
37202
60600
37741
59336
47523
23832
13847
30003
58216
45205
48831
78516
49821
86029
16376
74989
3969
42652
69160
4955
50402
88767
33923
24459
0
70005
57509
10023
28033
20670
86956
77865
3185
1381
41808
14320
63795
88794
68288
73328
36040
14296
18907
85732
21210
85573
47815
17887
58822
15800
56817
92480
64997
5876
58881
34947
84725
30387
15769
77779
43624
39550
31755
9022
46729
65208
5588
3266
2950
83995
47801
66947
80862
3546
94844
84254
54537
14277
92603
57495
69630
66859
44325
52687
59589
14426
37114
40498
35770
64322
23966
31948
73114
95255
56633
30107
44462
59317
48910
47040
26097
89374
80918
3759
30751
28063
87768
85478
44540
8496
41224
62907
12637
86458
13497
10222
28247
47252
37760
94877
6691
91654
51975
80821
74443
88046
1482
88134
42868
67712
85585
3056
53095
9480
66699
32346
3581
94059
73219
25057
4583
25067
60994
75437
97208
43754
24513
48927
87599
72038
60840
92199
72772
18179
9832
42323
94382
84614
82098
22817
47855
63453
32434
86837
17982
93468
54155
70598
84622
98786
90736
65938
86591
45210
24604
79154
62881
41213
92207
32585
69281
53557
57350
19574
3730
3037
1334
96648
77977
42020
33572
26545
55636
90448
46468
58195
63143
44222
82188
47287
59749
22856
34419
70653
55384
55840
92812
51150
70414
58873
81561
63053
29600
77829
33614
90348
56735
40344
61540
80954
17757
27115
60502
71354
30262
72925
72315
70447
7161
70996
91040
13395
12854
30977
43585
37511
42886
91617
78628
15141
24850
48128
96915
35889
49057
37881
45236
34382
64289
36504
12454
67916
6577
55040
6906
93791
85992
78056
83212
86124
53286
65760
76028
48668
81462
83313
51694
87795
24028
87106
82010
76698
10817
49592
88496
53496
63543
16021
89772
70815
91467
20001
47889
98915
46567
35782
16614
14086
99969
91797
81290
35598
35107
57670
96437
50520
76535
40796
84428
51461
37935
89671
71456
29106
12687
76835
3620
31974
50808
45950
72649
37861
73553
28631
72985
4866
59827
92642
80652
96849
66194
95048
26025
45977
73923
85579
26685
5576
64271
24455
1585
52897
79859
66131
70699
6257
24944
73255
73444
51040
50485
85848
57345
3202
55751
12863
5616
63437
6187
5111
24161
31621
76048
71269
38334
94674
53180
56210
29961
10867
22769
43540
17041
62476
40283
53803
8656
71579
83896
2119
91555
66825
72101
24134
3271
31419
44098
18523
81516
42024
37281
23658
62073
18469
58352
14416
67421
65948
4607
32960
55885
71996
17296
88360
66302
66409
82076
36114
25409
90484
40540
44326
46358
62085
36634
57837
53326
68500
27636
47248
4929
31832
23113
74335
98088
57079
64196
33741
13145
83068
64259
24825
78877
91206
28419
10151
70383
14972
62921
17325
39571
53311
85583
11114
45296
46712
55113
9296
80235
14193
46387
87458
88514
80288
96697
69881
39586
61021
40258
9857
63974
76148
87418
95264
27852
94070
51547
18486
6997
41866
95799
50751
88025
47201
66565
46230
76517
77415
42661
78996
46067
60501
10449
66486
18659
49156
42243
27004
23131
88092
52541
82254
90456
9258
84345
83769
20144
47952
33005
94647
51046
12886
38394
685
81769
33182
73490
97773
11434
62293
85923
20380
2296
54502
32196
40526
44633
54632
97659
90157
6855
30424
11177
67961
3332
26849
33139
63721
39580
20983
90094
8079
55126
43844
6085
43354
77526
84762
18442
75733
44722
17286
9463
69037
57775
23526
46080
93168
62327
98545
599
45136
87897
71604
29306
99078
18110
59454
26013
47540
67843
94449
24272
16099
79192
31448
93742
48747
52883
80792
49121
62833
9810
38335
66612
57386
83468
61145
39639
86206
34418
50722
17993
20936
23207
36278
19493
54970
31449
46819
14699
62717
27291
4992
96329
99381
13088
2487
6630
52419
64502
30909
3532
96613
13565
47427
11056
3864
3330
75525
35646
82558
7005
20575
901
34266
22563
74048
36797
47927
75081
24086
18192
73256
26102
85513
45612
95179
97283
96100
16484
8167
55121
37005
20605
17397
81063
83286
90972
18427
38311
94796
91114
92530
97260
12557
22849
85833
28611
17623
61269
38082
28706
54331
64226
21051
14889
37776
91373
4679
3764
44227
8442
81627
49306
83500
71850
93157
52261
84188
9455
789
34606
5875
43662
75840
42964
40015
43470
68473
5593
58910
28995
14368
10425
44276
13202
32791
80232
38296
23457
27023
15143
68793
5981
6498
28803
2014
48934
55545
56042
48122
23835
54989
99754
32062
58398
44970
21160
70089
55651
59760
11322
68539
98778
26739
60738
71783
91959
93987
64135
23110
44282
51110
78385
46248
17536
48992
78401
79302
25125
47413
34283
68723
93044
11141
19217
74897
74990
46294
99773
28895
76210
8208
28794
80496
85614
64321
69488
45559
66595
88512
5946
25950
16526
43247
76870
68726
79352
53146
80584
55945
50652
83389
12475
50443
84016
32705
29845
463
530
56998
21862
86806
83600
5853
31981
87490
66292
52108
14615
45833
6890
90805
61141
40580
45744
90704
75192
92679
69081
90580
13388
35595
11229
69109
53070
95719
55041
47303
77612
84286
90014
27072
88247
54961
1041
19836
78567
19669
78814
60890
74668
77119
69666
5348
36908
91260
17748
92044
31357
82237
82902
94897
62465
52272
51326
35393
86201
40554
67355
28440
63048
2560
54375
20743
43845
61876
44904
95888
67676
97580
48674
68429
89602
71135
28445
24209
61202
25481
21870
19718
34537
5470
48804
65941
38234
46331
24114
80133
10543
29400
24628
794
54590
2105
72479
66495
9539
88452
14762
84350
75487
4973
76243
66571
26157
69100
69231
68353
32125
63888
45330
43908
57391
10894
88919
91398
56301
49425
62765
43365
35077
52917
87838
14641
73282
92751
30684
77611
99526
70500
36106
72681
25030
1242
28997
5143
26114
1355
16238
61463
49823
90709
2548
99689
84899
56879
83426
38245
55661
63671
72771
37221
41934
8678
19949
76544
45384
42340
68241
30353
87969
8728
57310
26038
97380
37368
67820
30836
75476
48255
41964
3896
16142
15836
53801
78969
92346
37671
65274
28857
80173
78734
63848
78249
8383
61230
89623
14604
93636
74045
13778
76180
26536
58820
3031
30569
44332
93259
90716
93704
5592
14732
21693
48328
11132
32137
91524
33047
97927
76761
20243
21539
50659
35965
55696
7317
46123
37681
37422
69144
94537
31710
13172
48088
58416
34637
29036
46661
93427
20470
77898
36054
17089
69782
90582
55402
8382
4159
32313
99945
31807
35113
14048
88298
12833
48678
1328
60942
87142
57236
50118
14185
92525
67627
48489
17345
86989
89622
51695
99502
70798
57278
23465
79778
84803
83266
94219
36610
48968
25027
92924
26002
81685
10326
68111
28700
82063
6267
81142
84997
98137
81140
24482
96514
96456
30087
58803
39089
58499
78901
61353
15
78055
48332
28783
52819
91155
25424
28117
70574
84601
57505
95894
51037
38741
15657
15545
9192
7481
45188
27666
11707
13031
48300
89704
16990
36984
81665
3090
82930
80953
13777
20186
16875
53365
85289
6339
90373
80109
72760
82631
62532
22181
25052
89625
63052
62584
29932
41226
39321
69227
41729
92263
71964
49023
8482
21343
34515
21920
63883
62785
75204
16410
63576
41924
45718
75180
27059
71041
43531
13077
2456
8571
92382
45194
930
96991
11829
46089
60244
98598
99299
38248
31270
84503
45661
83463
25961
77833
27030
62820
74585
76295
11898
9997
50302
19052
8035
74575
99327
18637
27612
74221
19332
82006
25647
41229
35909
44556
71853
3821
54581
11602
54266
63859
83109
54247
64081
64417
68630
60397
75740
13863
87583
45829
73704
80403
95703
10933
25320
42915
92991
13419
48073
42299
46671
83867
98893
12658
56443
29156
9447
1127
66338
81329
45649
45137
25747
30940
96173
30388
32445
30861
98967
9007
18993
25792
77027
42578
7990
23332
70552
23500
6921
21823
31336
28643
34158
11823
87883
53661
60695
12971
81431
31067
22288
53736
32894
83942
46021
37912
6852
24033
24593
2093
99196
81630
79300
70684
86878
37868
42927
59516
30278
75886
84527
73709
78183
31924
78076
95122
5805
27013
4946
82286
86770
46203
34932
24918
25934
54337
19723
30414
25831
10162
67006
57561
24043
33405
66189
13448
64760
63394
19112
61613
57063
11385
85706
20621
80086
21714
46581
97588
11858
99703
11
98147
82174
51501
42150
91588
86050
84889
70069
76542
13426
48416
83731
77764
86457
24967
37957
9191
34339
66937
31856
66124
868
66311
50229
31800
62504
97545
30091
77512
87896
81283
30295
95998
69158
20739
91625
11317
99285
62598
66038
57333
10439
48698
33838
81826
8740
22718
69338
95727
95205
95046
35476
78576
66746
88955
31330
30765
25086
68799
87920
94130
60181
40494
71337
39331
50462
3584
14738
36365
80443
8459
34435
4632
30202
89893
44962
70168
26336
7270
64798
18051
3217
60236
582
73245
39646
22681
94948
36079
43851
49271
18329
24342
38844
75324
44277
3643
69352
13459
37456
9673
55051
27535
33578
63487
20900
55909
6923
96127
64292
50408
73959
39676
10992
99803
65175
86818
83621
61519
23234
39300
17878
762
30935
52192
43186
40560
67357
913
85377
76321
40609
82609
65292
32751
13807
11817
10940
63241
39900
61302
82298
1769
16288
66106
8310
391
51073
38172
80803
21976
59562
24188
77632
60551
16922
37656
25298
14029
7929
92500
74348
41296
72966
63625
95057
90486
19883
14288
61252
57458
80250
31661
41079
71729
78878
19425
91006
8096
53215
44152
20274
58476
13960
81720
43187
56868
98485
10497
29409
11536
60759
14480
929
61988
99997
31192
39267
44542
45989
29704
80687
22942
6914
67141
65214
74685
39733
82612
10584
20191
94630
56850
56490
88828
90530
7284
14326
86284
58532
96415
4293
37807
18638
71008
77303
29366
39062
91690
8570
22161
71998
76586
59801
80406
32027
85320
99244
95723
99191
29084
88333
60048
51186
56715
64299
49324
99555
81821
72759
14706
88445
43899
8540
10255
87117
84714
80747
65779
5855
12319
41940
91546
75712
83358
53010
94518
12638
19507
413
87611
13259
87340
86467
11654
83617
27665
55088
59979
29055
89249
65129
64377
77265
43146
27417
3820
48837
78691
8528
69276
87734
62380
57166
70616
64318
31698
4077
58619
6423
38914
36564
66359
83197
54550
83989
32185
59615
82701
68249
16533
625
53591
16485
91328
13153
71386
85464
78308
4577
35231
62129
61700
75427
7676
92269
48012
92739
78815
22573
85107
87582
29619
91927
46544
25536
80242
83987
49462
84059
67464
83158
70286
42899
34815
29787
58575
48311
30124
34893
39549
52906
62422
46305
99835
76351
2494
71872
21070
24067
81103
6851
5295
55956
12164
3991
4332
73840
1040
41760
32861
65448
67278
60729
27006
67187
87781
32217
29805
81823
81944
88593
7138
25090
38514
45574
54670
76102
53708
27537
72451
4184
57490
25252
80095
37895
73625
76320
46065
58371
89150
44929
51755
39412
82023
3898
34357
89342
99649
77454
43389
1231
48201
65512
9453
41929
83655
86776
97589
90471
94165
85355
7911
87149
59389
48613
99970
12304
56928
94046
72742
66751
84915
67734
35910
41965
17219
6550
13020
98140
63353
76133
76182
24168
37977
99395
26510
63981
86852
21062
33911
13973
91038
68270
53779
68802
63754
19943
33026
13940
5137
23707
33428
24536
42785
23441
30848
47502
33330
33037
79573
16740
33734
51693
68853
14500
82087
79466
22888
9485
65347
21144
3174
57067
74832
86442
6859
71419
69917
29505
25735
19823
27467
38463
94915
81870
23045
96570
19339
21847
34142
70732
65692
92485
31750
35591
42538
57550
99656
15269
26062
40230
66237
67244
20801
61507
72306
86653
75702
93467
2533
28125
72767
31586
41259
35442
21084
41703
79322
39479
55447
67090
51036
53509
6562
96504
17478
12381
17948
58522
43715
94164
48339
38747
12969
18459
76484
83644
5165
37258
73886
76918
58418
75657
8420
79667
28604
32411
92145
53034
82659
46375
1109
82773
95811
3652
21694
30544
91664
46944
77394
27057
16167
53741
11928
13822
86880
9097
43031
16911
64448
73608
69046
9025
83466
74563
94612
61621
81873
84015
8258
50617
93519
25814
24733
21795
62957
92188
44131
87368
53928
3635
78816
45974
51213
75674
88001
1190
5352
4735
4816
93998
44138
58756
8305
81971
43989
22975
74744
40027
77384
36732
68320
34210
93246
66012
37569
54708
30082
24869
31699
5000
28324
2493
4852
40712
52699
98231
69312
9292
62943
86707
79708
37124
48715
99673
36112
75070
67229
33234
86226
11700
83035
36900
72797
25269
36720
35144
4609
23630
1715
94857
94772
42389
58568
13498
60965
25970
6816
8660
369
72555
18524
17260
527
61738
51375
25614
18918
93132
30625
37112
52702
48713
57615
2196
48531
93404
88528
71827
46406
99470
47507
56931
53135
87043
91044
32269
43917
41472
42477
30989
13885
23478
98009
82799
29257
2256
93140
72066
12791
32214
49358
56860
32898
78524
70526
23818
49575
394
20099
17650
60054
15336
79334
22759
82504
44901
45339
13256
495
38596
60614
49238
4777
51396
28763
27343
39438
30635
73854
28844
44617
78766
33128
31955
28100
75455
29963
63034
40987
56468
22221
34617
51987
62864
19344
86634
54339
272
65266
9824
42736
80212
71248
69377
45751
71655
23237
75490
9188
75885
34865
81117
11967
65385
48276
46993
99558
14746
28375
48597
16141
77841
44252
98210
16602
83669
60992
78085
5432
6700
87945
23220
69187
90221
89732
19886
49684
44956
30426
67597
61136
20971
25886
15322
56470
74698
29453
57194
61582
27061
44441
4011
91283
43567
77734
95226
89337
39387
96306
91920
77038
41207
799
19941
39874
78003
12623
52959
36419
68781
72686
49147
28417
71786
95721
46902
45105
11282
16156
27993
85677
73833
77001
90303
13816
57958
28613
12101
57024
26866
9132
27117
42940
98965
398
70324
89185
62880
45659
59551
77901
77195
45038
47975
65389
77700
77777
11370
96925
27385
62601
48826
48070
49707
12736
38212
5556
62721
57005
4302
41174
35257
8866
24281
55922
74777
82789
86338
73571
64061
47124
40911
78759
19833
7334
48392
83795
3551
38020
43071
54950
28559
28153
20896
78818
50016
24250
80271
66655
32839
85149
23621
40041
95495
60304
81926
55291
71435
35967
81784
86853
29607
76168
25809
26819
10480
39867
10835
57412
97676
11048
82557
83278
48812
3346
72468
76863
29930
83395
5193
40687
57243
9817
75336
24049
5040
49214
76056
35407
56853
90370
98230
94185
73520
18408
26560
23640
49375
66561
90893
99031
9795
71721
22237
1408
95248
87926
55000
58064
79780
63114
96738
11253
75999
72533
95555
74118
14954
22690
35
70603
51469
40140
29993
25060
31380
60258
3348
10147
5247
72676
16598
4762
1350
49482
6248
29679
59623
83524
65934
33644
3502
51100
3593
80850
43391
83544
66706
59886
90595
52827
62681
54052
49901
96747
55579
95208
23176
26701
46105
85771
94399
87436
49595
13650
53096
47225
19520
18339
14958
80141
30272
27129
91481
16745
40129
32215
42236
40766
93939
85944
40219
56905
40740
51031
77814
18706
75615
67256
13445
90811
95452
81526
57802
94363
84495
75267
89806
93242
19936
63352
48211
78371
55644
19803
63509
60192
60453
14346
23788
51480
73609
5062
36878
70466
88912
8063
95410
31908
99183
95416
52846
74732
44025
82807
74497
18538
43349
68844
85741
99049
3051
55930
88381
78761
10296
36743
99717
1914
79106
55932
13702
16854
16997
98873
18128
72251
48875
57305
89634
64931
47578
5148
75661
91299
84903
8087
98390
54941
70920
63861
60347
89281
43271
82600
42157
94151
10803
58000
71483
40642
11857
96487
23279
47777
20719
2630
81650
70855
2361
30648
63434
21445
70181
34489
76996
13553
25064
25642
21549
87814
60683
58804
94970
24855
11801
98998
19047
19632
11631
27964
23724
11670
94014
75308
69485
15757
84151
83963
48414
72368
17392
19804
78291
33602
32664
19436
44738
10435
45481
5945
87716
15772
39503
82238
95971
45015
74448
36122
36081
64591
7917
30860
18357
66422
1728
54574
98465
35075
12901
63243
12223
89495
9941
92669
5482
5738
7758
13543
26424
52279
73102
97196
93589
85952
68779
48203
2399
20364
80600
29181
82955
5744
92627
68195
60112
78680
96816
78554
61183
37001
69663
41087
82976
57980
39436
10343
15624
1655
82255
47482
66945
46386
12802
74519
21931
35377
86996
27588
78749
89463
4246
9802
82337
57747
88761
21887
1374
45309
84988
74985
19212
91010
91901
63826
5005
3582
70125
21899
74346
97567
51910
74591
2705
35826
31387
10084
20707
3480
98218
63583
84962
61666
89376
81210
48971
90482
90198
34286
23870
166
46853
2253
67218
90116
28452
54734
80700
24356
44315
4384
10726
78468
89798
38128
30937
12666
19280
68757
21872
99043
39013
17428
94527
98602
82798
13228
4498
53445
33010
860
69162
32867
60809
71714
45749
54593
70303
48573
65193
63260
28226
16724
59261
18848
37800
82127
52547
99903
36575
46307
28454
9502
73394
25676
84572
49845
19410
53224
42471
81838
65774
28719
62952
69056
79782
46260
43450
9237
81556
74994
95995
63175
82693
81974
62537
65099
6557
13559
67670
48890
75351
55507
48439
29373
97322
15335
31003
34965
84776
63466
52216
59493
81952
29031
7776
20508
19651
74389
36148
36675
59043
72436
13359
56511
58264
8550
36931
8227
42364
97992
48641
92885
71094
53356
62705
27867
73876
9748
16194
27746
60561
24845
78395
64139
45494
1680
46066
47133
77323
67408
6396
92656
32066
69723
25213
25136
12161
99505
27172
76818
73802
92390
38563
35459
42725
2290
73502
66924
14392
88292
90991
56017
75461
9622
53556
78100
12384
35739
89239
70540
31157
29751
60030
19409
66372
41143
82450
11995
9721
60706
53505
56146
41288
47481
14723
9330
62108
91452
83992
89639
72420
72593
72877
14630
78763
44116
27530
43707
38709
33958
72133
56304
64372
58637
6942
72033
60904
78941
99121
7247
51635
94924
91723
62617
75335
33491
13672
8411
10899
19622
8284
89892
59455
40224
49368
13432
15507
17910
37500
50906
14598
55323
74316
82079
37786
59145
15490
23516
34530
41990
59390
7170
82836
59116
18026
93271
43677
54486
27864
17138
70191
51427
48808
12691
71606
44842
10630
10525
92904
58171
14960
20177
2458
18190
47765
62823
13135
54762
3064
23115
47499
9812
84500
76242
5638
2865
84378
98584
4989
2874
67893
35896
37186
42748
66319
13735
28275
64008
54988
30125
58824
13309
45780
9985
11206
66896
59566
72959
85264
48598
43400
15465
72446
18670
39315
20632
86341
91886
72683
31805
15542
89640
53941
8408
72099
39800
73441
92435
40603
21821
6967
86321
78989
88799
83853
52663
45885
63292
84866
72289
81429
43977
93
94314
92033
29575
90070
56502
48164
57721
24365
69396
12956
36518
63287
22862
46274
91565
35186
41517
10640
87104
26394
49963
55902
78847
25973
86198
63461
53809
2696
55006
26212
89121
74957
18428
83041
27155
3036
4030
40519
68641
11557
12019
74605
33463
49248
73136
5496
98695
58428
28956
39383
23210
79668
54078
97228
34644
22976
7338
73075
70695
60354
67033
2947
56433
10550
69622
44336
63547
25946
25080
66410
16516
7032
39086
80094
84804
96562
16868
70967
84975
80165
84272
3945
30015
79130
89428
43667
98381
35280
92212
48673
99520
46615
17733
63247
44077
230
62868
21463
27773
63836
95814
50380
12055
81200
85639
19946
76397
6767
60184
32728
52639
85253
78718
84898
11149
89298
98929
8364
13659
99083
27917
4354
72441
26729
14262
25556
65020
72055
9578
69122
32420
83501
65632
43979
30794
79797
71556
62866
65837
56425
77918
12725
27578
6856
60673
99264
32596
20974
48809
13180
67133
31392
82484
78404
72996
2692
64634
57656
52779
10188
15562
67338
24723
68531
64514
55350
25958
96736
86954
53167
21473
1416
14862
62933
2684
67056
50999
67458
17592
85423
18020
94851
59427
59218
92714
97348
1131
54330
71045
99613
13952
20954
81736
33432
60824
87979
83755
49267
94803
75861
6131
29192
45790
71114
27391
19868
94088
19110
86588
29835
225
73808
73431
49429
76478
24655
4429
94751
55642
56326
63390
94983
73590
95150
64383
2376
49888
10798
3343
27269
82705
70841
81185
95574
67216
37445
82745
25741
437
98851
84914
26916
54760
11808
76059
82020
97544
21431
54690
23572
7015
6352
78984
8380
78354
34837
84693
98607
89248
13092
22896
90623
25706
93823
13663
23523
3955
46565
72900
94114
54216
99924
92520
5224
499
58247
8339
72470
74728
3294
85415
36824
72648
21874
79354
39761
65548
60373
51433
74292
95280
70887
84257
92252
8847
75512
62905
15369
86218
95156
58524
81719
41505
43408
21350
28637
41444
42000
98532
84959
12675
91026
32541
78641
34402
25306
52207
53608
48040
54139
31186
15742
94135
319
65082
85730
97014
9524
9144
250
99721
65395
9535
80310
72290
63885
64964
5330
40625
59316
1790
18728
36951
76419
37965
89871
86296
30443
25240
19956
92367
59035
64398
86643
91099
71598
44402
11351
69958
27170
71930
95976
92338
61062
41555
47215
97662
99463
13051
71742
13862
24294
51523
11143
28581
8123
44935
18960
11287
76663
3335
7331
27658
13505
43910
32994
91105
35970
14302
36772
98237
1470
94154
16296
566
70252
1814
65715
17069
30960
95035
15903
5830
35897
62987
32140
9421
97939
79056
53686
12105
38266
39472
27436
71247
13939
5178
44444
603
14785
8139
698
24339
11111
42231
52156
3531
83084
55996
78569
18599
9454
58915
34223
35436
38721
97618
70836
63923
91254
81445
6529
53021
95448
57799
85269
33913
47813
45074
12338
87968
47336
83204
38206
11493
43589
38961
73622
25978
4464
59933
20951
28879
85582
83417
30594
63022
12424
67050
10690
75577
71355
43217
59821
14686
82892
16957
45764
1625
22234
48393
65077
33191
57484
64242
5152
52930
76201
35962
67478
83070
10182
39954
19772
94878
36089
18056
7860
69677
81868
7427
20532
41871
90240
16292
88723
2244
29244
46337
92349
31772
20160
73827
97127
80089
28864
35277
33531
22542
9369
14768
14330
41540
60644
77622
63467
71728
5462
91943
54831
31535
44410
16900
737
61127
19082
75283
35849
84491
5418
41780
92541
77470
20865
99252
73327
35157
5748
30665
39779
48289
95443
51848
52753
33941
99271
41400
20422
76427
83931
32805
87689
66049
35519
83049
4600
28408
90875
38166
12177
5768
82113
18242
68861
77691
4624
31878
43507
84356
60090
38185
66547
1617
65669
60529
72098
5846
30276
22828
14307
35637
35996
91268
52266
79132
78064
55074
60984
43826
51855
16233
20446
88551
28265
60996
30413
20641
33359
63295
89305
24149
29574
76946
11049
36203
8680
34936
85661
97349
69879
25566
75964
52536
30078
64790
67674
82232
82375
46370
34482
65650
52463
77030
12978
98296
97584
9792
90661
38877
30954
61731
95545
68011
14902
3747
81089
65169
91807
41694
88565
71512
30069
34277
27069
9883
72107
62446
51887
96219
58249
49430
57127
20153
12140
5265
26015
99940
10844
71057
62377
51817
48779
29741
94914
22644
37964
88374
84908
57559
76235
39222
88274
3698
50635
83829
53683
95812
13151
76276
43265
60609
47008
50537
31781
712
5553
6403
90934
95735
36671
90335
42016
18669
991
86618
336
32145
58377
24481
1534
30220
10833
97060
75447
50288
79038
63849
25797
60028
46824
53468
35038
38360
74803
77284
80742
34555
54723
63761
89986
1996
99642
35314
78010
16517
32053
60259
94666
6291
43040
10947
54309
314
7473
13219
28711
16982
98984
38650
28060
45696
86358
16595
16798
88018
58914
59879
98194
86259
81114
6552
32452
81517
38485
16772
72320
33271
67607
49389
4578
19930
32815
30296
12054
67493
63710
8110
13848
77702
62107
91605
91000
2194
12138
69645
41509
12628
43
62110
51748
36332
15514
61708
28163
43039
84085
27146
3168
45669
7773
65800
61041
52319
12422
89914
80676
95220
54279
24896
22464
24332
37970
13783
20522
93063
97790
31259
76100
51259
64223
99543
847
65033
24939
76626
8955
89542
5753
39795
90204
88684
35041
18452
74865
77125
78196
72510
4170
86403
5581
89543
347
26990
30135
55749
21548
53312
9231
10386
79058
81969
79039
38436
21505
52286
45861
73974
55699
61734
15930
98624
79472
43170
14717
37067
74044
31248
98459
3636
82640
44614
59726
51491
85408
69017
43313
76810
6125
3465
62241
56055
8786
42778
40794
47938
27043
82126
72373
2085
49399
81464
10618
23360
91325
37327
78626
18494
33085
33726
97991
34639
33101
3320
50442
11060
51948
2664
76289
6105
49599
41607
85947
41532
97605
30119
12529
36012
75659
94764
93251
9339
69132
22071
38714
32874
34044
14846
79131
96150
27504
53293
87872
35380
76311
58987
32669
64287
29411
14944
40496
80978
96657
88050
96588
89241
46598
1885
8759
30924
99373
16550
44
38072
36589
12210
19245
46977
43997
83208
45763
40429
68588
88830
78217
46126
57223
48096
63117
89379
21304
34120
35067
80378
25101
20588
31045
72950
87943
49970
12076
50124
10107
68222
85645
89318
6217
78379
7755
12362
86710
472
14004
10453
35656
5786
91091
89153
23069
68016
32690
58374
12617
45108
90538
71997
49066
28137
17599
96745
51489
36062
82283
42608
98023
19011
78151
7202
42938
38024
16862
65851
64650
98776
92424
37766
1997
35882
85735
94325
50323
48231
77773
73504
14679
10674
85981
22257
54649
28837
19960
62088
58807
63601
52303
39301
83331
6046
35853
57826
83416
40385
96961
14434
41026
18858
78106
3066
16866
50501
16385
79550
9405
95795
41077
77768
58043
249
8925
40937
33740
92806
11500
83882
72160
86701
3099
57759
65102
48253
75688
55601
33494
32410
76643
28998
46847
82552
89861
31534
68350
1366
55009
27693
64184
29939
15616
80478
26196
67797
9902
54103
78218
32784
91421
35807
68782
48237
35517
27846
43982
72484
48417
67195
89234
55128
64011
24245
84243
51235
62024
68276
74086
34691
37147
34899
58157
779
94561
57852
15386
43532
78293
59448
51057
49803
99287
88835
83200
57902
12317
11194
6728
98008
83379
31468
95953
99205
76679
48981
26963
96364
72650
63615
97410
65624
79324
60804
87748
66835
97207
10019
27758
82173
6440
28173
61102
80266
88027
10347
95237
83222
48592
17039
92844
12005
53226
18038
33143
25626
14359
87575
8148
26407
98027
33370
98176
31791
74265
32397
86559
77386
47836
55425
28630
24005
68403
78635
77132
62301
29381
87910
11139
16786
43694
10931
25078
66490
97131
20928
45163
12017
13639
76212
8302
95966
53037
72968
66482
75519
44843
36570
36505
50937
48329
37779
51762
97382
56688
86475
42143
45557
58
678
19545
6305
84414
50152
7709
56400
62345
83728
23038
9062
77922
26597
30637
25153
73543
32363
42049
76726
27528
96462
94826
21032
82132
71023
2562
70604
56267
4142
50230
19983
70959
61603
1177
89747
29560
42114
64748
53290
4229
91498
64152
41297
29518
3274
73336
96262
56245
86736
70132
25960
29082
78288
44584
63946
87501
44237
53636
89683
39135
44423
63660
87829
95761
78113
21632
91463
79118
39341
80566
98082
91221
4887
62402
4117
64654
55883
94871
54373
12701
50216
90212
22420
43761
46504
52716
24035
43663
46840
75787
35869
62205
71136
31697
25382
61273
76592
8142
87794
26899
29603
10370
16184
64360
52641
7080
39907
96323
40402
84261
85720
96318
70682
56103
69740
22627
99225
14637
30568
30609
23221
52099
73997
5477
30450
9032
81161
15296
7355
75558
82887
24292
6226
96003
32429
47178
54658
40518
36863
10723
8592
77795
86688
62985
2672
9829
2489
33793
17972
8151
58226
89232
99359
56559
29310
1975
41112
87832
55155
60652
16090
15547
96310
42038
11496
95593
89365
80101
6526
89544
70190
52715
37538
65527
2190
23003
15290
93855
17523
19805
23223
93496
33106
34347
29141
64085
68523
28071
89261
37084
57992
50127
4868
8015
60168
80609
95685
53412
92417
34013
75926
26976
25673
74059
47943
76699
87497
97246
96360
66086
87779
59916
53364
98150
90407
98294
4756
51940
42105
60361
97406
72284
18710
94595
44407
12029
62657
70524
19759
9689
75129
72402
24141
98604
13181
46112
2872
73335
43743
10105
36333
57920
50219
89477
82386
88081
51641
35296
76266
93584
24270
10597
28120
14194
84204
49473
37003
88465
86237
94253
4405
40988
65685
64734
30104
61921
96569
48394
66683
90083
64512
27747
77478
67446
6710
96040
68470
10436
79800
65142
55025
90633
18767
90003
69803
1287
49338
77912
12293
32647
44612
30584
56783
8429
7093
82929
5934
39606
23589
1805
49561
79089
96714
47189
65981
311
72210
67763
22945
28680
7011
47076
26372
30433
37686
32769
42370
32385
14818
3188
47856
4343
20649
60087
61672
37694
85251
58598
92299
41197
69259
84001
92318
89389
55460
33615
98045
38764
17414
56640
70250
94377
59753
97897
88785
2156
92115
8518
81921
8995
144
84585
52553
23235
27809
37586
4554
77698
43221
43861
53366
18557
56749
79108
30910
27101
32487
6101
26994
79702
84862
86725
10508
58115
42412
66276
37543
30785
46479
69660
37029
32958
48098
84408
72044
61750
61785
79079
31591
71202
83047
40764
78212
47118
7337
4943
56299
60552
1043
19361
70491
32147
55284
77405
14043
47976
45817
49752
30724
12186
72540
6649
69755
37844
92441
95197
45838
20581
79226
60150
32183
49613
38136
51334
68947
28360
44422
42330
43441
73492
83438
97414
76774
87841
16147
92222
34526
58805
23414
31631
5197
37369
36852
27736
7683
21483
31816
32829
96768
45533
17141
83928
4126
79766
49249
67123
3400
89022
6472
37614
2654
53141
55379
61976
97293
4149
89359
32358
90238
37502
16193
82878
65959
54006
86714
68228
18322
37889
69289
28128
66166
91320
30890
96333
30049
5353
73152
27191
54892
8881
62707
8596
82206
32141
21517
28090
80690
30480
67605
72378
32804
98175
36027
18820
4202
75153
42683
51412
68248
75655
77780
11344
56687
17782
33204
11650
5977
67159
95694
6264
75029
57328
26251
9365
91801
88225
96492
53447
8800
12920
1241
16143
43059
44321
3238
13706
18668
43020
95395
53211
20214
23964
2350
54487
720
43752
4717
34384
47571
21765
7792
4804
6563
3261
61410
61523
73439
18815
77471
36162
58634
47430
5410
23059
51606
31235
66584
8232
78023
55705
43327
93254
70277
99464
10267
64084
74845
35201
90293
29570
97525
33177
1584
58406
65770
72089
80289
65672
92177
6667
77280
37541
13741
5375
96186
87135
65223
50377
46303
98492
39576
77914
61698
27491
60845
51301
46660
11000
84047
69745
78640
22956
71614
35673
73443
4096
13894
93838
30374
28479
9406
93021
81139
61250
90107
84353
77311
8108
55090
85385
26670
56856
27096
53991
93282
16993
90248
9778
33070
57101
96867
18041
84375
20465
56835
40286
32248
58245
22440
18016
30737
82847
6885
56283
15991
24107
42240
23942
37563
24775
95449
60148
39253
97667
9161
73353
86348
18432
72570
23754
18597
85050
41795
11725
28710
36962
65822
66992
21830
78311
66853
9587
68936
72819
60395
84692
89323
98072
92135
86894
41667
80306
81153
44190
50908
72477
72578
54610
13074
27598
10314
73148
67650
84126
1421
8566
90172
82843
6270
30305
37177
86972
85914
3205
89485
78296
58484
82841
43173
57384
66267
66091
24978
12111
92978
51681
58039
85698
72365
18463
44496
50475
93227
15937
16223
10193
85651
86180
75892
21039
9001
1977
41280
35405
71246
77240
97788
47857
43310
50505
82363
13781
45317
13819
41401
78465
78169
11742
74878
66315
70221
74321
92529
87285
95957
79119
18269
20866
91924
92122
12613
18999
62562
3114
94724
51926
75514
6086
92363
98725
84738
22576
4256
55517
61001
48108
80457
66555
23416
61423
81413
67849
49386
98935
55049
87416
17631
99180
3397
16213
93776
70577
30694
89067
46364
54861
41076
93590
13057
58385
69435
4703
80871
69608
18713
25046
76436
14281
27094
49544
8695
13958
73400
70372
14159
87886
60314
59957
62491
22209
11428
62640
92317
66794
3777
26033
82661
63880
79454
26800
73110
71352
99791
1684
66729
19747
19403
76183
69220
75380
40291
32422
99133
59624
84141
17228
88076
12386
88140
26376
22603
38139
88282
18509
6646
19519
74973
28152
19025
43552
85006
57856
30680
61281
83498
9313
51700
71333
95286
77465
8705
41531
25761
72989
36645
51747
43302
90053
82320
71687
35480
35395
9607
60877
28093
50685
7810
26179
32108
9687
20623
55692
5902
27213
59735
17454
74550
98410
66665
70675
65356
28102
96731
1026
22840
72240
82155
16564
22615
58282
85983
70268
90194
90075
9550
45941
93335
67903
68469
43954
75801
47992
48652
74849
21820
9171
55633
48728
98216
15693
4842
93074
12961
67254
36144
23421
52533
76302
53697
49703
73012
59479
53340
85008
58267
35303
25610
30956
90187
58865
75329
74064
4352
67791
18570
84486
55114
8683
1604
97802
72693
51018
71362
63109
89731
79477
64143
21212
85701
61170
94003
48124
90219
14348
14138
16907
15770
23646
99209
50578
73416
1033
56904
98025
45900
51220
24023
88625
16419
73549
5310
42180
98118
91829
88532
79928
46229
33477
55567
88910
36769
78682
39724
84464
35270
83836
93399
36964
8416
76204
33196
20248
40559
69931
85175
56439
82154
67876
56391
55738
9404
8892
14297
81345
36295
56176
63302
13652
63519
72185
49029
46482
23435
94855
27653
19458
27255
5327
84308
38097
76497
88358
56982
2700
41126
15638
40312
6176
77161
99296
9174
5294
16625
58313
71554
98842
64876
86412
15785
84855
35124
93929
49093
26337
62352
19033
93727
95012
65002
33154
88862
94106
59816
47621
59888
28017
79370
64501
67924
91082
64191
38018
23458
37406
62499
44339
64315
80185
93331
25698
9772
84385
23106
99684
83831
82135
90092
88679
55360
67400
96374
19550
69195
82673
81396
5587
19359
66485
60211
91205
93979
57798
73939
32816
13826
85794
15582
91158
66050
9995
32476
54077
71969
5921
18496
23281
92430
76801
1966
561
70717
64305
78279
34601
50528
23415
50834
57210
8062
15145
47730
16366
41885
81544
931
74459
72743
19088
97275
43897
36717
20396
83367
50922
55949
74450
12874
79069
10920
88697
62142
96760
76430
13304
76392
10033
42466
89574
34615
33820
39497
6273
51960
50174
67765
33514
45753
80257
84200
53357
71960
8871
10366
24551
61058
86430
48767
13567
63427
5130
63838
39198
35438
29254
14011
41599
75879
40245
77480
9460
12196
69192
85545
53282
22812
26765
52954
83192
90421
1904
64749
86086
32672
96631
53910
66348
4552
75867
72865
58041
62054
93938
84247
14660
19511
16919
79165
72608
32706
98473
85249
98618
82642
34594
5835
82236
52661
33732
70493
47822
51021
86955
94460
49388
48446
70059
96548
40353
40210
96811
72621
85207
23740
64303
60709
53207
56440
5913
59915
32534
78962
98785
16396
53966
72082
42516
22275
14282
27586
68985
74287
83098
11485
20079
50927
7399
64885
54066
78556
33408
15393
51388
21891
15411
13768
13886
5848
36178
81678
25959
72677
87162
17750
45418
16486
12999
66999
76269
91850
6408
96612
6705
96712
32277
15777
78176
48609
14581
21213
11162
69063
29497
45033
68878
76617
16261
53684
65212
67279
20356
63513
26023
35744
16819
83875
27755
97943
95780
96561
35149
95277
47456
6594
91539
20498
18939
90774
29559
97019
96115
85176
49414
26482
39340
64261
95196
93506
944
5269
4099
63278
34219
25463
38359
31004
14453
1225
96062
95034
72416
66732
22841
49516
41693
86091
8532
79900
21735
27325
6409
31342
50120
77222
31827
71570
73196
80221
98858
96787
13216
71871
19308
71846
76644
57141
51578
76345
76066
83994
397
64247
5610
44065
35992
68047
30211
64030
16264
73640
68362
87773
48625
26508
71711
47135
31875
89712
77024
96786
36796
73697
45453
92843
52375
17740
1611
46563
5474
17513
15012
88139
62701
31173
107
3725
20798
55499
89181
69921
59375
9859
61801
72606
9620
22698
94307
77638
4935
85920
71205
20315
10001
63791
8595
17685
29556
85254
48702
28703
44082
76018
27106
80287
22388
66766
51182
41996
95394
90233
55260
18601
57993
82518
8801
58792
88703
3044
79074
70361
29540
21120
2535
28533
48922
82650
97282
55543
22398
82021
72121
19364
11138
27367
31058
2347
66704
77530
54152
26941
90824
32241
41999
25441
63222
11220
37484
19243
94025
4537
71079
65477
82048
49772
8212
71506
64559
91111
33445
58534
81636
41138
70770
95748
2919
51059
60749
36006
94875
84108
18573
38890
15747
14609
19559
62873
15617
6692
99068
93844
60537
72335
82219
93501
29493
71581
95782
34623
33826
35094
88738
89627
42679
90006
98696
51633
10517
37512
91880
89863
57994
28420
64878
58649
65552
38114
19468
95293
63251
15897
1591
99057
61199
93753
27374
88836
77527
3297
45685
573
38418
93598
87884
58080
76961
70828
88155
11516
34918
66129
62489
39513
54860
74515
11373
86006
71509
17943
85505
39714
22807
94990
77707
18134
13101
92235
57868
29509
2721
69285
33044
70692
940
7524
40329
86079
60041
84604
15874
19049
68183
29579
62655
41006
11405
90302
27394
75685
3355
20531
80494
70049
39192
70938
72186
60615
38445
63540
98130
3993
4638
8189
74091
9521
81168
49735
54625
51529
84700
23323
2671
34071
75438
13316
94057
40055
72506
28039
94137
68640
81372
62282
50549
25688
21354
62394
451
7640
75799
58823
42871
91968
28952
79851
67852
37291
2812
61646
49721
54526
37398
67827
22890
15818
78890
60494
5708
43600
75178
89487
62102
70346
87755
51072
22792
35312
75778
32056
49950
95777
2897
56342
64723
53271
7184
72688
13332
81384
30539
94658
18718
57886
86942
32748
74493
18034
55066
44360
36616
45402
58433
53917
81390
52403
52569
83921
46462
73786
88973
94044
49523
64001
9591
85498
95181
82703
24755
80189
51011
62343
39871
46854
87439
37825
59195
66587
21772
35901
91322
34587
54894
16755
10440
60187
23554
57195
56897
83233
47046
52747
93756
97516
18693
10801
27477
93297
98030
23549
29249
63281
30054
67585
67110
64117
14444
46076
38732
42008
78573
50778
17020
30436
2609
10178
27587
69355
67648
88286
81234
24095
3284
13091
61823
32175
46665
13143
94536
93602
77424
85988
97144
33769
70211
62149
80979
46773
7177
73141
40541
83227
94722
36025
5819
97137
99217
3304
6326
11409
23466
71257
73306
27056
54643
33441
27125
82614
7389
42257
8576
57957
75392
39587
93686
6812
29272
33462
51988
59119
34835
94096
18527
50740
27271
92744
3469
45424
36697
81473
84348
3135
82018
30212
26783
27262
23124
88900
91902
14926
77738
96072
15122
27803
45166
70688
51004
55576
78124
98826
95572
73739
9612
12674
83770
77420
16976
88307
6111
94694
35785
18090
17581
51419
57462
48999
67220
4325
77147
45741
65554
16470
44570
2937
22814
61408
45040
34130
15985
32367
9362
59575
70343
83293
10241
61570
66543
87526
21029
45086
81360
52638
23742
59227
67389
30446
69477
61967
90737
35361
64132
44151
26671
88434
44043
96296
34575
20967
52112
35460
43266
61719
32550
64455
99076
80377
90977
68670
55490
78084
17854
19220
94959
34927
59297
75985
64861
82415
32877
67315
5020
61800
92633
6835
95824
57031
25884
50181
55531
39288
16783
33885
38760
15043
81006
85800
17556
3007
21728
8826
55119
68114
53533
7900
60198
93080
63415
39345
78300
45552
26615
37263
57103
53543
37723
62219
55791
84469
63938
59659
19560
13796
26121
5420
78543
58062
66596
62976
56679
40964
67834
15061
56240
4107
50525
23280
59822
65088
27141
41337
16657
27613
51561
92592
8275
96217
81501
89465
38519
15226
56389
8741
29209
97279
72761
6106
35983
16800
53320
40778
15313
25338
16788
42704
50366
45347
57762
98653
11676
30280
62763
12704
76124
23953
71259
2879
24906
22203
26308
76194
62207
13572
76340
1203
50161
33114
2134
68785
26736
39579
92684
17164
30529
43215
45185
28085
7592
64333
29042
28490
94782
82898
85695
93457
14662
39298
80501
55368
27650
70317
11068
81272
16726
48504
48024
18370
2277
39914
63004
81295
62553
50566
19532
91287
47394
23406
86765
55672
35643
1821
17795
8875
94746
35799
75085
76567
37188
76788
60371
21871
59520
33335
84037
85220
38548
25286
29857
68447
98865
34330
62458
75277
13734
61307
77083
29134
18658
42373
31406
66818
94227
4563
94238
17036
37784
6463
69936
66681
83859
861
51645
61936
30994
20837
2890
92570
20078
60389
16210
42799
78518
4605
14391
31650
2782
75997
83704
67986
20136
92466
90630
91084
66573
43036
42627
94360
60698
68611
37450
81583
12320
11545
7421
63478
30578
30864
7343
63204
97763
34095
93795
9344
66955
93853
81690
54342
38810
81633
43056
21857
2632
15648
6205
11689
68514
62439
80091
87656
8298
2625
79219
42726
86674
80741
72579
99692
49905
17449
39402
23552
22389
71923
94226
6580
21555
21019
100
73944
48736
84198
44390
92297
11338
85218
4008
57612
14066
59722
96047
83998
69528
20864
50820
95712
47495
23831
34217
91784
83153
87276
97967
18177
77232
69137
7702
26120
91447
62906
80923
13996
23285
88482
15766
91168
65120
49412
16246
21391
51066
99385
54131
34674
96637
32080
50977
67551
13171
88079
81126
6535
61215
70256
19213
88653
90257
80904
95768
1255
52290
26234
45870
93558
59030
82452
41203
12779
70537
38131
96135
10598
86040
67661
38460
93299
5564
4266
82473
76504
59058
61040
84618
28442
16581
96967
193
8565
38214
68544
37015
99954
25311
7530
18853
39521
76591
44991
46202
2984
19838
53579
11022
13478
61443
89824
98427
92335
626
39273
66593
19971
76977
55245
92536
49431
96068
49094
27610
73287
93565
54021
28896
52698
74617
39319
81809
15532
36169
73156
39841
56566
36792
34588
75752
52162
6879
12496
32357
24706
46569
59101
65370
56072
2521
22407
59069
77042
64477
84369
19260
65791
48459
89579
62437
93443
37533
77685
17147
9626
5629
27265
43701
41178
40840
1871
41794
73855
98368
14712
3921
51485
75672
3717
35017
83550
41966
61134
43380
20919
37545
6388
47195
75311
4321
11486
52652
46631
76285
15630
96663
22475
96280
24766
72595
37309
96061
85039
90454
53394
13376
8140
71889
26727
43205
9565
94224
93965
35562
40524
64738
57487
95418
43127
92426
40360
40024
10910
5090
1708
93323
17044
14192
33855
90516
40033
77421
16578
27285
58117
30075
60794
29779
5684
8964
66479
99134
82031
27861
66316
54511
1442
33812
53713
76701
11234
25613
43125
50810
45724
1718
91392
38322
31376
18576
5535
46423
22894
69052
47748
95741
21285
49256
95174
20026
33798
32494
43156
34094
9461
98193
38195
79660
48299
16890
63546
68193
67902
72680
49069
55001
60205
83423
48406
38750
69802
61673
99106
27447
84970
97287
23848
33378
38678
61304
2282
62761
97983
9380
54164
88110
69061
11937
76618
80121
77619
48156
10004
5682
64811
75364
79632
1306
33787
73033
57471
23378
97004
14867
19122
23459
47082
2770
30520
78673
95914
87173
62467
78963
6229
36486
1797
49983
58731
92386
63655
1208
26262
61557
40324
32944
72587
68057
74862
52391
30907
5077
49959
2031
3454
23810
85111
95695
32032
4122
37842
49629
98450
58622
3926
75320
18049
48195
52209
33156
3524
44571
39199
39490
73646
59440
25931
85924
21775
90472
94250
77302
95123
48148
5691
39435
45124
89283
53170
17875
10966
59465
26698
63841
59871
97635
68213
63355
86760
60200
21489
23175
63430
66974
92178
33272
53033
57454
540
76987
37855
9381
29220
6541
97111
86187
67553
68956
19488
9236
59223
70026
48494
76992
51727
95758
77185
90508
53147
7417
17540
99000
5642
13197
41640
33439
85453
4014
32976
99682
75445
42998
19568
56812
56040
24125
25805
22107
6452
15425
28812
20230
8132
48765
74254
62250
45634
79175
16451
7938
26534
74073
26101
6349
94513
89897
75550
22369
24252
59542
79674
88986
15344
98838
56740
87556
53449
96551
77911
57361
26291
8762
47190
72956
79096
56293
7921
33601
24128
55598
3179
7414
11908
32479
10486
4199
44044
19318
73881
16978
23935
32873
21314
18265
27635
50266
84187
29664
3868
26380
55985
23975
52960
80636
8332
71428
43611
16281
4771
93661
8714
2911
79647
31421
37610
85096
86779
33799
24756
9863
46009
14809
44939
1538
84534
74919
26355
25492
38098
24290
81564
60307
64300
37564
78793
80226
28421
39890
32468
91835
21982
75602
60430
46599
46697
72810
53483
3887
52063
68369
50169
80361
76955
15838
52320
88033
99060
49731
17270
93418
18000
40927
78485
74714
52978
37264
15217
20109
37638
98931
82751
38288
8558
26758
75034
83373
26797
25612
41823
59102
9395
1453
5479
94530
13568
34361
47362
81133
48407
84685
33100
10041
23585
19407
87163
6650
10035
16885
30801
1084
40735
34664
25175
76709
59275
42025
50328
50376
28066
58761
73986
5710
58918
44934
86834
2182
56773
92110
64969
43378
29154
34085
50286
34178
13045
28653
95429
25439
7439
46395
43852
21877
22733
51553
84752
11117
66707
16898
18222
73718
2666
59995
75568
49444
29611
97101
37866
94900
91298
21466
97416
11047
72934
58517
69335
46051
13460
20221
67124
44748
4157
80079
20953
33996
8460
64209
24288
18109
97384
70335
48732
74905
58846
67790
57772
71779
99765
32853
87110
51187
85734
17401
32107
81686
96948
9658
25014
29038
48447
35542
73128
89968
24744
45492
15591
84944
434
25405
5792
39445
95426
37751
21719
15481
63774
24201
76275
95630
53156
39730
34303
50416
71722
63233
11540
58208
14166
27364
48924
26969
13222
27822
56913
18801
6948
59876
43086
56945
93413
23386
76258
57312
95924
77585
57375
59651
88384
75916
65838
41278
82524
50091
59893
76976
15447
49797
43545
54454
99554
46988
65547
31903
19699
13242
78586
85756
35266
10634
43080
53738
49582
47220
25274
39992
93469
54596
76393
19159
25824
59125
44406
50846
65524
58127
7899
36087
31493
40761
27292
9866
22445
27837
21340
21731
39899
79992
99659
15426
76782
41690
49245
50336
7200
69984
20054
43577
23040
82059
97922
86778
43671
93340
40711
84268
45455
23999
52905
98564
89201
60802
73587
17889
46176
49660
64720
8107
98814
54721
39691
7244
27696
63794
10779
1492
90041
9176
77448
73597
18926
22124
23614
79753
72754
4269
65608
65856
51654
76954
32598
81679
1926
80001
42056
93617
22585
17736
84960
40703
34251
49022
63778
49228
88367
44494
50131
33090
18556
95961
20897
75628
41529
33243
84278
46
56228
82539
49015
68724
50047
31649
88284
49608
4855
65170
37099
81075
29142
96947
76361
29013
66059
45794
18095
34544
15171
6938
34599
19767
85560
11718
82525
68015
2576
32887
10783
4378
73190
8237
56938
46823
58294
23696
91194
31543
98875
55781
25488
2393
82634
19487
8597
30501
92499
71844
12765
74339
41950
10588
25607
76829
31200
59338
62585
27411
30547
85976
26626
11733
6449
44590
46339
44523
30996
34830
13645
37
54966
85305
49778
99706
33280
24543
89535
6602
8937
29236
22337
17108
72460
77090
24790
36661
50864
78564
90246
55347
57930
32223
67695
84025
84824
31901
12292
6735
8502
85113
16775
89967
55349
97304
13245
44209
50965
85739
8419
70300
68926
86698
37373
97365
96433
34822
710
13362
70964
77297
47968
1771
43465
3691
65107
61609
74600
6348
97417
63753
91122
33660
29529
60300
2088
3587
47881
31799
77257
22382
13424
48954
21771
68894
37254
62638
60114
1757
19370
76888
6603
47500
6831
11946
58344
43032
80708
46537
78123
95551
40425
81634
92351
70949
85364
47198
65741
20440
70057
40528
42078
75265
97058
22645
21386
95118
55645
41450
18089
3356
36803
73015
43179
64697
9100
70281
63531
5169
53658
4573
54897
31260
38503
14323
2605
63772
61497
56414
5189
74655
4451
53781
60445
33455
11976
57274
25726
6596
7332
85132
64069
75366
65248
13947
18533
62818
91037
62359
93671
69905
48471
26808
42908
92692
83849
55002
68728
2779
60068
35804
73283
69911
25787
12939
50242
84029
39931
98064
24243
68569
79256
33298
11063
43244
6723
6218
93354
324
64216
41666
67821
57783
13267
10760
8357
10652
60917
24988
95238
6518
64820
33286
47901
9267
45169
32830
65691
2631
92736
49934
33568
11543
33063
25166
98773
23593
55732
83886
68080
89225
97666
25856
97494
2251
81958
52432
26874
69720
60431
92123
20329
85397
73154
44519
65317
31241
98809
72005
38455
22852
57642
14331
90511
46709
55942
51780
53469
6721
84599
32595
86344
57695
79201
21164
18866
27068
6467
27014
39456
6796
11669
88602
40951
15463
86342
74934
60095
23671
61934
66628
1005
926
44426
58703
70676
730
5791
64596
51630
38416
3172
43923
23013
88304
2078
97864
73486
1882
38601
46357
31116
78704
5597
88024
28994
22470
25711
60730
30771
85183
87584
97885
34945
45411
94031
77025
53175
89247
40239
82355
96674
74489
52563
18802
31066
5901
83045
67423
50750
2729
79926
1632
18589
2095
45041
86673
23057
27718
88553
6502
13262
9124
70969
14821
58802
81979
87677
67440
93051
50325
73211
11971
45165
95973
92563
92698
48068
29606
56727
86981
10900
96078
45425
75936
81750
86224
16640
15265
52045
68642
17930
83284
71770
41716
61695
43781
24913
72034
84657
76328
35497
45259
78617
84791
62283
40565
42688
9099
62057
70107
3396
13122
4561
54132
99289
77316
40294
52355
9722
62091
48343
22972
56479
97255
31676
42913
46128
46876
39809
41199
93924
68028
20408
54757
72445
616
87818
40478
20027
54406
30429
88310
14766
71440
96271
16311
51664
21606
18200
25668
30523
11398
96790
28784
46640
91655
54083
74152
57378
27691
4662
30204
94451
37903
75535
46559
65257
86667
54003
69204
53102
69206
328
13324
1283
17618
84807
28969
53435
26
16847
94488
36356
66114
16964
88344
39995
38610
29122
98460
8899
19626
67463
71700
18011
35982
98761
75242
10971
97534
5800
31815
44893
1484
15580
68837
84952
5880
56909
78951
55458
37950
10696
60817
87778
6656
89311
49677
65979
41059
90429
11340
8818
91520
52160
36102
77673
6127
13199
20552
8887
24450
37371
45534
2005
39255
56273
85837
73131
8913
86814
55474
69526
13658
69824
96210
8354
77212
55160
5624
16200
53649
3840
52775
56170
67675
11835
88222
26693
57452
28542
58063
38789
57819
52315
62511
3443
15920
71789
73638
9103
2178
68074
64990
49339
33865
87005
20290
25840
26970
19008
40833
66533
6771
43805
55995
57620
80103
74167
26470
88350
57889
28820
37259
60774
82301
6633
80645
54037
708
17480
54370
16831
23540
51942
5003
69247
11569
78536
30880
75378
2250
96545
25561
19740
91979
84394
77070
37836
61208
92246
93022
84493
36660
95588
60134
79209
8545
99511
59041
83548
49614
21911
18634
69092
48797
67125
29519
91189
25520
24431
99882
16175
57954
6448
3606
72952
69919
8312
18499
93363
67557
5073
24586
59330
73053
73073
80255
77640
36633
39342
15378
16823
62590
79737
8669
28432
7600
37678
4469
87225
27500
85541
81354
70796
9718
58488
7305
25212
27756
26112
19269
3
25214
59758
53182
70251
96160
93470
73759
16667
25496
80804
40620
73032
94709
94213
97815
83202
21597
73792
16925
43969
35618
18751
11424
30232
84246
39750
36066
68275
85398
96847
62573
88063
16015
7716
11454
42071
90321
15210
1385
13348
874
97690
81842
14583
58749
62687
95892
90176
87907
47388
48962
56375
20359
9872
47974
47645
77987
47304
55256
49874
84392
70293
39007
85511
79860
63661
20238
96332
1577
53256
85142
98458
10635
45366
77237
20228
70456
27782
99241
19283
94163
71710
79745
81088
79188
26154
64991
78542
68980
55122
75713
31556
39426
59436
33018
44425
74854
90095
46394
93793
31907
93285
24309
50595
63248
24364
14869
48100
83789
29384
12976
13709
63527
46987
41913
11197
78755
98103
36556
33166
17492
12957
79523
76958
32133
26995
16148
59774
74175
4712
30318
97285
67526
82909
81038
99262
3884
67987
4518
6137
47728
36583
50695
58759
8013
10975
40319
84263
52201
72048
44488
59690
28926
32401
56958
45880
28681
87762
12100
39385
9270
55357
39377
48521
26039
11035
73257
83845
30102
90024
10734
50444
15943
53377
32095
80977
93426
55653
90952
31167
81339
40729
54558
10822
38146
93422
5440
83428
36733
36095
86800
10304
54699
84292
21188
13609
22377
3833
28627
43838
93494
88317
55981
76110
84429
79809
49420
18588
9955
40553
12396
31320
75841
44140
98229
34902
13524
16214
12927
69570
84397
12400
95951
97112
78141
18640
43018
89444
49402
90496
68060
85726
37427
54859
11710
5761
80991
96512
97286
59496
67134
94951
73865
93526
69078
65821
3464
98504
60360
56535
87381
2850
5856
29911
8009
88002
61658
94060
96481
93809
31124
52437
25818
9741
45122
36069
23618
35418
46587
18055
66448
92069
96506
60463
71880
56770
59539
96884
56505
74480
39380
59563
74887
25288
82183
8322
71075
43206
31828
22108
43285
60049
20003
65929
8373
12232
60640
77377
93402
79402
26551
57822
53546
59522
9119
7923
26448
23214
24595
32812
99627
24170
24699
41923
76894
77737
6108
90367
99998
52752
60648
54703
84399
83578
6606
43578
50794
81706
29538
53433
76799
60408
88712
1370
20392
96240
76749
74114
46891
66001
30962
72248
36916
80772
6411
672
28958
32947
54299
30983
79340
48730
54750
24902
88309
99509
42740
29622
81381
64064
7135
17355
16495
12003
59028
32132
69679
63045
21221
44379
2827
26636
44735
74137
11651
9125
21524
52083
27560
54226
89355
70571
89183
19792
92209
84418
41492
58142
48180
53603
97535
97687
56333
44284
8675
76564
3278
1307
75586
70978
44786
15255
87177
17076
79907
22616
66519
16078
26467
27946
31687
66675
98431
74520
65331
60728
71368
30991
21991
69048
27640
25048
86280
32014
26674
69494
38008
3766
24428
34334
79426
72104
71133
52239
63219
46183
83488
64119
93651
99849
83023
90210
10515
44342
72410
94988
7345
1417
90180
62737
88523
67411
50747
83839
31550
51026
10797
52601
97969
51356
87653
32419
55880
6599
48828
91686
30067
78339
87158
64831
73710
33430
83778
92685
70993
84662
82210
25129
22083
74378
70009
43475
17786
8363
15091
51029
60286
59364
26222
26055
56858
21481
92907
61663
18170
53829
7902
95115
79561
98266
869
32374
21818
2917
5031
93177
30233
51408
83874
38379
73164
66037
36708
99981
41712
2861
38829
48755
21537
26983
10799
74843
91444
58290
63563
13677
91109
3244
27209
90772
65793
79695
85777
43279
87250
73166
12945
65729
44721
62004
63720
80285
4178
30199
58173
81385
79619
22620
82750
716
86133
66574
75768
66258
90426
77996
88462
70407
217
54562
53841
25683
87916
94672
6039
89110
50944
31213
76196
58179
98505
38757
33278
63507
29258
94849
73742
39862
95229
47077
8018
63397
16703
14002
12723
13755
66956
284
70754
91121
46933
41613
64273
60451
60979
78492
36002
47034
60411
35677
15339
53913
61011
91494
20115
89642
10764
57597
74983
94625
78160
12830
70114
43353
8147
42655
77904
13929
1736
85838
33022
71664
14249
1197
55789
62986
66934
45289
40821
18125
23815
30844
80161
24688
56325
70501
59398
40232
12973
61338
23943
71298
75957
88311
88440
77725
51239
84543
52722
52560
64248
89458
83732
50044
60008
99548
60715
53894
403
88492
19006
45243
39547
39551
68370
579
56523
35309
64618
35943
41232
35079
19746
18234
74135
19275
57321
91811
5726
5261
61534
43153
51313
33657
21351
55496
13287
94148
90011
815
65619
35050
82358
54974
99042
99397
80012
53217
42970
84684
27642
93003
52386
53766
25560
12699
20961
89065
77834
44195
510
75348
13526
73979
14694
15877
37936
6785
35981
25687
59952
18186
24843
64476
11878
52936
56275
29124
80764
41490
56870
77614
12810
96035
23197
62669
59872
31253
35976
50184
89043
78686
76286
97571
53018
81299
21669
50363
32128
27444
39607
36592
15594
54023
45394
80084
54900
22416
38957
61391
12474
78830
14950
17075
52438
15716
49175
1411
61349
49477
481
85473
10814
88975
55897
79595
43050
19590
83183
63731
62294
35635
47421
53665
87217
54956
70350
11757
70287
16949
47414
52677
43546
9919
40013
49926
28917
98250
47655
6119
19534
69579
49457
17774
27008
54281
53126
81730
4546
84506
99848
33616
71818
71795
13942
14339
58119
50128
75912
26996
23900
21066
3539
20225
97585
468
89055
35221
10351
85208
7489
27519
67165
1229
84729
62904
3095
18315
67610
18397
2452
28880
31053
79427
3327
25605
31734
17530
6957
89394
81619
22532
82972
29525
83128
38852
72277
68904
62661
92784
34792
91103
70139
87369
16254
12235
91862
77486
91662
57525
96576
71452
66910
12417
64826
66691
34148
25821
44734
86468
60132
2283
19050
85707
70393
97342
35081
32251
80194
65810
17509
52470
78594
99338
44993
40366
46951
20091
55952
37661
81374
43753
72106
9297
42651
70142
39797
50993
66257
98742
97672
35721
39423
23179
34279
34625
64801
43772
12425
98843
45987
27194
54843
89032
82639
2365
15881
44619
68618
47643
14866
39404
60341
82696
79110
42569
1774
58698
35210
53563
62564
17842
54879
22633
58629
27934
40337
87182
62529
72788
28589
5741
47547
21263
50465
71043
94934
90393
71014
70685
32255
79418
78275
82265
31423
47033
72723
67644
38255
32903
65853
4923
87279
41368
50936
58858
52797
77444
50958
2183
66167
7708
12369
97562
19252
43479
18766
55065
26696
14007
90666
53125
30616
20505
80907
20386
34407
92155
36738
97423
85653
90712
26386
45997
41955
10199
86792
92372
45192
30837
6455
88142
5822
67383
57245
14685
68291
28079
93338
89910
11996
87415
64803
48216
98683
36877
86126
13403
3496
42565
39153
86060
16763
67051
97946
39352
57165
375
67083
75676
43934
68452
68693
20551
41710
15832
51530
289
52049
8834
18794
29703
48551
41971
46281
31597
28781
73967
61413
99583
96918
45019
63265
16248
89332
18311
74159
61960
19067
89710
77855
95488
68005
73260
32113
46461
77422
15479
67275
69551
29760
79931
45095
61317
73801
51030
96164
53719
93320
84717
37885
70480
61190
90089
63734
68054
59233
47282
28790
88644
64358
77553
78066
35893
888
17853
92770
85753
24121
58500
96145
91698
52130
26327
5505
63339
59170
20423
84563
40588
86503
4571
48686
28809
61175
18031
97157
78861
19575
26662
58985
94244
94770
22022
36799
66626
78361
22832
29709
94611
49764
64058
50381
81120
89398
29035
93540
41754
71775
11347
71500
6823
31580
22180
46317
21094
80313
145
77131
90720
37302
90733
22087
52561
58923
28096
54645
86788
72777
1073
17282
27975
46341
47594
63717
28891
99172
23555
4428
50869
35304
48665
2584
28865
76491
40110
15363
82694
35567
51381
15586
33813
19051
24064
91020
3579
59662
94419
6598
29048
96107
12057
22925
37792
4021
20748
71159
97226
25873
68621
94866
50029
41810
85368
49380
73611
66667
72000
98177
33877
56513
18882
78456
62959
25377
80743
10057
95297
76404
21184
63197
41212
18587
27294
52789
61986
60177
79707
3065
69621
3167
31648
6373
15389
98794
69737
46754
65626
11470
32796
15252
77178
32085
850
80794
87574
43712
22911
6853
12258
57855
48904
25929
29977
73757
92795
70054
12900
76899
25803
36494
16423
21814
19141
48575
87707
7719
24769
65531
36347
55557
32465
32980
73736
94747
52858
24779
43377
66885
8477
14205
28318
37396
83444
33637
704
36990
21979
19470
26499
62693
96299
77651
30689
22498
36801
60022
30800
13838
16510
98265
40667
95405
94312
53052
50383
5591
9389
11411
51499
24228
10691
59251
60379
86490
43358
904
59682
50092
43773
63634
22595
70080
92483
23560
42570
29368
30534
63484
61181
93623
44654
89046
9284
89492
39017
17896
87002
35644
3233
26635
60827
20349
26604
76613
93477
50769
99190
21689
75347
30442
24813
20276
66239
79356
85091
98273
73430
62788
38002
68171
9956
51797
24730
29808
2734
9601
3877
42303
76097
38187
49038
46362
79233
1873
99322
30315
89197
4443
17671
63950
55493
90499
67617
11467
98708
15064
21275
55822
83771
18811
38716
71911
4704
31452
54095
33847
27420
91957
71904
82393
54702
69475
36531
2903
4692
99267
17965
27523
14064
24676
27711
68437
85187
80832
63125
95040
72287
90211
98765
41128
83351
71956
95725
8369
75481
88534
66769
21176
67559
79673
91591
18701
51151
70817
4508
43323
68459
58984
28494
52956
47431
76794
66203
40038
15625
9359
92340
86929
17132
64965
6096
23141
56324
13082
40637
18660
5219
28913
16017
37216
51263
27228
4835
41165
46212
2636
55457
69252
9345
85671
74225
5781
52612
44001
62288
69307
85471
17054
81281
92169
75354
39590
97461
23138
30659
70852
36454
27121
6820
99069
44621
95667
39534
49296
5577
97262
29164
59289
98944
81083
38689
62917
62060
81240
9443
58528
75014
55081
2060
86581
55073
49252
357
82973
83028
10189
79815
6338
35260
8471
66236
25380
10682
68260
77670
19305
96215
73364
72517
89785
48256
89527
35526
13827
54107
33033
47644
78309
72706
9581
96423
93930
34467
39162
50672
76785
13523
23393
5504
90804
21946
87523
44439
12355
29717
11899
5056
65727
20906
68344
90455
62648
37670
31341
9738
66629
92937
83452
78513
62578
26839
57795
68084
92504
60020
3017
12333
47650
24088
40606
99539
49542
64380
63943
41534
47223
6935
46174
28720
47694
6369
76654
8546
6161
85537
5442
98252
72598
62124
45580
93874
68601
56995
21082
56070
27177
40105
8769
44090
31171
35423
3254
52678
44405
49790
9948
80818
76901
96497
17495
32033
89994
78444
7935
38170
29208
88204
36688
82388
53753
50477
58238
55997
2263
92514
59718
14631
62806
57365
2624
45711
62174
4795
70449
44620
79382
96700
54289
66572
21945
13976
39070
45777
26605
39197
54409
91585
71548
51672
57029
60864
75720
89310
972
20736
36538
85295
59007
36927
4814
86774
80045
12740
94055
87350
45452
10121
57069
43950
30608
97733
42406
9181
63141
44087
74573
53253
72176
32579
30750
73524
78449
85841
13429
24856
92862
77571
70354
84872
44125
74576
24867
8790
59934
24152
55771
21721
74910
78326
52840
84869
1970
16908
32446
27345
63488
56266
63575
50822
29462
3879
48925
31450
65098
47653
98916
80932
3318
31337
20009
17818
12143
16646
93350
96182
45968
60533
27329
88021
93561
34767
68809
14550
80911
11182
97587
71274
57971
61182
74926
73311
9757
72031
3048
40542
20172
20025
61035
87620
36701
96381
29856
84186
78650
82644
69203
82131
98633
87367
58113
14246
17577
6304
33909
61835
21349
60366
53137
29995
49535
61257
29068
64414
35466
968
46401
87030
50406
9740
6804
42963
63401
31043
61095
14533
74596
94115
50855
37625
37568
87727
50900
4172
46695
94839
63071
64928
30384
54928
28827
40503
79330
67901
17831
36513
84639
89214
87965
75560
74120
45854
84284
39397
68673
48800
2718
70113
50954
92845
12935
3865
33894
77803
46865
79145
73368
53099
66663
27234
93448
16180
19019
99052
31561
1363
92267
87412
81315
50995
35814
10451
37051
60534
54984
72
10484
13192
52995
75383
93160
93352
87024
72360
61047
89941
96125
54230
73542
74771
67018
11348
77304
25632
70797
46579
20681
93662
1342
59616
45673
46319
15302
40170
78136
82111
32065
92103
96218
44952
24863
51687
65135
46611
74349
28154
88419
87973
7802
23261
63683
55382
43394
44690
58071
98940
80
78073
94591
39466
26478
29824
58276
67994
92655
72069
31198
93802
74682
62314
51487
85540
95992
39831
13027
6839
68444
50782
46157
49785
26146
77719
94703
39405
33683
13512
97596
20723
77832
10548
21556
78250
41930
37065
13133
74856
36917
81533
44788
58841
83981
28683
80278
48235
43006
39812
9136
65585
21986
99961
70278
3536
48711
38967
7888
16825
82743
90391
27651
54826
34897
95661
89848
87365
96188
2980
62697
60163
89763
40776
15119
67694
17575
94306
49761
74544
65817
69226
11415
47911
89988
35606
49602
55549
76790
94998
8037
80168
82621
66996
40737
67724
68671
7656
56114
96438
43676
44454
49975
83167
32616
62602
93505
66391
33125
49148
76877
6407
47243
48801
94780
87598
50700
97569
85043
66299
36379
34492
42685
91808
17097
86669
63389
73688
65332
73477
