12011
91808
35874
48181
6144
23403
9198
50095
77683
95507
54128
1385
11932
78607
6671
80912
97808
79141
44671
32906
29575
48036
58709
17884
65631
59706
27351
17526
56442
15859
9100
34236
38402
69295
87923
32081
60844
49790
70928
37410
13370
68378
3521
57068
41115
99233
21547
45549
77294
7999
17664
6691
81395
2056
31837
7841
26805
84639
15313
36708
85220
90733
16235
13151
40342
71043
5484
3039
61695
86596
78606
18448
3374
21984
84363
70425
21575
62690
22923
35107
95256
12415
27437
59735
49307
7374
12561
27844
18023
30807
27872
89056
91859
22116
20025
68006
14216
3668
13337
81758
75778
96910
94790
28890
38755
24915
632
52220
980
65388
56773
89621
87289
68419
26951
51656
13455
49837
24011
10061
59524
32740
40441
53906
21523
48275
22363
94588
76539
95083
77293
32619
58812
6387
93023
44507
55917
61308
41321
67175
91612
31474
67020
30760
6627
19438
93409
78491
4899
23432
88768
39936
82816
97034
11951
23102
64281
98368
85381
95909
45922
61132
40026
72107
54400
11030
13037
18936
54176
22688
68305
24189
71732
13143
96405
52671
93675
52837
87759
72914
68652
60068
82436
23072
39855
57357
24438
92297
93464
60174
10411
61604
58416
31386
8022
45859
20802
82683
77412
94324
99823
46242
4932
84356
22767
40063
41012
97471
99397
24236
46277
18258
68253
61795
2410
97970
45092
12465
31938
91957
87556
19522
90624
35741
72539
93371
36531
58325
17911
29862
39863
13108
71152
23176
39575
36351
85762
25263
63836
36363
81957
73447
85239
45632
65131
76652
1895
18777
66165
7641
43144
38823
96594
64319
93624
73749
213
81073
12999
23751
34258
97020
67803
38012
57622
54100
53980
75762
544
6538
23682
88776
67487
70073
56730
57854
7017
89504
53007
80697
27060
32202
25563
82340
16917
17033
79337
79344
41940
65921
13477
98523
32360
58528
92195
36558
38644
58699
38377
84897
75101
36276
41082
43353
85991
85320
68480
52850
54667
21924
73237
99063
58039
60424
90606
69646
63266
964
11365
61393
84362
75695
12225
32951
1388
49206
91684
20977
87583
81489
15025
38544
54030
61521
16024
2499
5968
77110
22143
10334
21414
45181
79118
96471
58032
41239
81943
91082
96396
51316
70945
52541
30988
32254
44176
73597
58995
75107
74834
54503
84299
86442
30280
71843
15302
66918
15407
47018
74992
50472
31946
41480
81837
40622
74318
61820
40276
82298
32201
93309
64391
60062
15312
84247
13550
84499
53284
34099
13295
26249
65824
45780
1965
80409
38754
74110
51642
89654
95955
71473
9945
29345
10837
34579
11509
67516
26568
82827
19351
82806
2809
87401
35976
80069
87719
72644
89348
92850
13875
81948
88471
85966
86371
58717
8087
76355
6931
83141
80221
84709
29562
21404
44161
7431
20660
34754
95857
82058
99153
1383
50637
9775
77721
95636
61986
34094
90106
91623
64514
92607
1392
11995
94172
76790
93935
77734
1438
67148
92528
67100
18723
74680
80438
41520
40570
75868
59003
64955
51861
29244
20284
93333
94826
8585
71102
91360
43306
79259
21884
27813
56091
8830
5326
35926
76789
68355
79671
4818
46837
22808
25067
6887
22433
68146
86587
69137
27161
60773
71711
37110
2262
72447
25
16610
36840
41725
8371
32627
60050
48674
86305
63685
33746
55076
42096
79923
72795
89968
64806
49618
202
78554
37162
91466
31799
40255
89538
49394
41382
56787
62839
37095
42044
56107
89942
75721
18063
86729
28912
55250
69623
55392
61920
78035
53793
57155
51212
54028
34850
9614
71397
40520
7015
65488
425
18899
92747
58228
24008
95865
57923
8427
48131
74461
20691
19280
19442
36931
58454
94010
47353
12204
11049
95814
1048
75661
61696
13456
89715
93114
33956
19636
18506
96403
19201
10696
76335
63763
34766
41414
71746
20223
19739
40936
29195
81406
49045
71660
51123
83272
60632
86775
80607
12183
95734
17225
67386
56656
50495
3997
85065
19047
57366
54958
15922
81185
15787
91315
51538
98851
22593
47361
53215
74647
31914
97125
13250
24122
65965
30974
8674
34947
7210
36949
18619
39631
10804
13019
29262
24006
37053
13725
8754
37131
64912
37542
85256
64165
98103
78513
33164
37701
13692
89130
77767
33075
87437
93952
98753
83257
41432
38408
95380
76012
89174
6193
60220
64755
84421
11104
99915
39989
27374
96552
26393
44707
48325
91815
64696
14495
45102
79136
17509
61096
65020
78224
28411
38019
68980
95695
61761
5608
27217
1254
39684
38598
5089
95431
63039
12659
96269
54477
41270
73843
41366
90033
24611
72292
38970
78982
99591
86789
72757
86801
93058
95489
93444
99017
4510
32252
99461
59271
90022
51192
25691
82730
31252
38692
31022
30442
47559
27682
31503
5462
7731
26804
59160
25420
34835
26754
57618
51253
6489
68810
35024
83515
24166
18916
12057
29703
13045
15153
43491
95835
56114
1792
76443
88137
10473
77628
15873
70798
43224
15766
73647
41711
77894
20522
91706
36078
24813
68530
67017
37138
82114
55492
60239
2966
27589
68926
70015
90117
5398
32690
75200
15019
78098
17652
78359
92806
98401
61886
13192
13175
67329
22771
89132
21426
94955
61663
65994
68501
91107
65341
16438
80406
85793
41267
65795
49684
25047
34872
54758
97711
49439
75990
13832
16372
22115
82891
86728
83729
95880
58313
93995
47367
40919
55612
97088
77532
84585
93035
51029
87088
9935
95992
37679
11240
37723
71875
54826
15782
67627
86190
86618
81120
42035
63114
7825
4870
38691
42703
80812
10053
30987
98604
14861
29232
52417
68584
91546
11107
87682
68385
84455
84871
59914
28493
58917
52150
49625
6575
57633
6778
37772
79880
45326
32237
64823
54983
54096
61312
98914
48156
11464
84856
27837
70602
36151
4595
84769
8986
35185
169
70821
71820
82272
46829
55194
3305
57266
25681
84675
2900
20736
14281
9460
91583
40059
24041
19462
70681
19797
21576
30420
59717
51401
91973
54229
48966
68392
96310
65558
31234
6146
37171
48278
63822
29230
68050
52831
34261
83065
44925
85912
37761
27517
36122
33473
71613
35657
60168
57067
76136
72413
6520
51466
4316
26544
70502
67843
29974
74804
80850
64095
32961
97010
12351
94594
5444
80463
82888
71701
38532
81648
74202
15647
75159
41562
65746
53138
95463
48434
37587
26210
81342
80963
49251
56912
11476
45438
27940
1253
18707
65371
32746
80154
49091
33501
76254
53716
89751
48372
56526
74349
49522
43740
24526
5165
50615
